0.000754
0.019001
0.008933
0.008210
0.014875
0.001805
0.000977
0.019096
0.009915
0.008369
0.016023
0.001775
0.001516
0.018426
0.009139
0.008221
0.015501
0.001752
0.001845
0.018281
0.009726
0.008127
0.015001
0.001807
0.003234
0.019024
0.009134
0.008168
0.014858
0.002160
0.006386
0.018961
0.008937
0.008426
0.015097
0.001717
0.010750
0.018926
0.009212
0.009012
0.014811
0.001705
0.023242
0.018817
0.009654
0.008443
0.015227
0.001772
0.045921
0.018232
0.009939
0.008838
0.015630
0.001763
0.084385
0.019483
0.009071
0.008157
0.015571
0.001815
0.162071
0.018448
0.009008
0.008532
0.015114
0.001928
0.317747
0.018893
0.009122
0.008166
0.015248
0.001753
0.625018
0.018801
0.009382
0.008407
0.014882
0.001742
1.232240
0.020607
0.010774
0.008433
0.015228
0.001822
2.413028
0.020967
0.011343
0.009186
0.015030
0.001843
4.776115
0.021821
0.015692
0.011299
0.016400
0.001856
9.282732
0.021991
0.019339
0.015119
0.019624
0.002068
16.812297
0.024327
0.022238
0.020485
0.022503
0.003475
28.524144
0.028370
0.025761
0.025299
0.025121
0.004846
42.793699
0.036329
0.030339
0.030503
0.028636
0.005080
54.692374
0.051539
0.037098
0.034771
0.032960
0.005175
