0.000214
0.009698
50.212835
0.003886
0.000245
0.001154
7.522292
0.012765
25.060356
0.006053
0.002035
0.000786
11.244956
0.015993
12.389778
0.007294
0.003446
0.000609
13.013022
0.018434
6.146270
0.008206
0.004376
0.000540
13.942244
0.020171
3.055227
0.009612
0.005540
0.000549
14.424736
0.021936
1.521306
0.011045
0.006931
0.000546
14.566610
0.023256
0.765603
0.011763
0.008769
0.000551
14.790109
0.024679
0.392993
0.013052
0.009764
0.000579
14.771857
0.026300
0.204167
0.014356
0.011413
0.000561
14.853946
0.028123
0.111894
0.015518
0.012819
0.000581
14.858510
0.029488
0.064869
0.016755
0.014372
0.000551
14.853783
0.030669
0.042730
0.017860
0.015901
0.000554
14.878733
0.031984
0.030994
0.019419
0.017626
0.000573
14.840448
0.033948
0.025784
0.021286
0.019408
0.000607
15.004836
0.034991
0.023609
0.022572
0.021627
0.000696
14.931197
0.036083
0.022974
0.024346
0.023241
0.001046
14.856480
0.037009
0.023780
0.025676
0.024807
0.001218
14.995237
0.037347
0.025556
0.027059
0.027493
0.001588
14.810831
0.037561
0.025381
0.028575
0.029078
0.002371
14.923705
0.037815
0.026049
0.028668
0.030141
0.003233
14.899539
0.038089
0.026082
0.029126
0.030604
0.004800
