0.000094
0.000064
0.000046
0.000052
0.000048
0.000010
0.000260
0.000105
0.000074
0.000084
0.000073
0.000013
0.000934
0.000195
0.000140
0.000159
0.000144
0.000022
0.003857
0.000440
0.000309
0.000340
0.000310
0.000045
0.015319
0.000893
0.000639
0.000714
0.000670
0.000091
0.059686
0.001938
0.001346
0.001487
0.001448
0.000185
0.242656
0.004087
0.003196
0.003635
0.003191
0.000407
0.960177
0.009056
0.006047
0.006938
0.006481
0.001101
3.948116
0.017741
0.012699
0.013641
0.013889
0.001595
15.905858
0.038562
0.027254
0.028720
0.029029
0.003296
62.339626
0.079215
0.056738
0.060130
0.061987
0.006918
252.611484
0.167944
0.118444
0.125715
0.129270
0.015059
