0.000003
0.000007
0.000002
0.000006
0.000012
0.000002
0.000009
0.000017
0.000003
0.000011
0.000023
0.000004
0.000014
0.000030
0.000005
0.000016
0.000041
0.000005
0.000018
0.000056
0.000006
0.000021
0.000081
0.000007
0.000024
0.000131
0.000008
0.000027
0.000208
0.000008
0.000030
0.000342
0.000010
0.000035
0.000578
0.000012
0.000041
0.001028
0.000017
0.000051
0.001889
0.000025
0.000067
0.003620
0.000040
0.000092
0.007153
0.000063
0.000131
0.013808
0.000100
0.000214
0.027557
0.000187
0.000413
0.054076
0.000374
0.000837
0.109164
0.000787
0.001575
0.217849
0.001546
0.003163
0.427184
0.003113
0.005698
0.721971
0.005538
0.008727
1.166590
0.008356
