0.000002
0.000001
0.000001
0.000004
0.000002
0.000002
0.000005
0.000003
0.000003
0.000008
0.000004
0.000004
0.000011
0.000005
0.000005
0.000015
0.000005
0.000006
0.000022
0.000007
0.000008
0.000037
0.000010
0.000012
0.000064
0.000021
0.000021
0.000116
0.000044
0.000041
0.000220
0.000097
0.000089
0.000425
0.000206
0.000194
0.000828
0.000453
0.000425
0.001631
0.000989
0.000899
0.003208
0.002140
0.001862
0.006331
0.004462
0.003783
0.012850
0.009680
0.007696
0.026028
0.020262
0.015553
0.046450
0.037773
0.028546
0.094772
0.081783
0.059794
0.143027
0.124380
0.090706
