0.000036
0.000038
0.000060
0.000041
0.000077
0.000082
0.000125
0.000084
0.000163
0.000172
0.000260
0.000179
0.000346
0.000360
0.000552
0.000386
0.000718
0.000752
0.001153
0.000826
0.001504
0.001597
0.002884
0.001757
0.003144
0.003250
0.005055
0.003770
0.006536
0.006980
0.010693
0.007902
0.013951
0.014330
0.022402
0.017317
0.029573
0.030962
0.047236
0.035992
0.061282
0.063853
0.097880
0.077054
0.128290
0.134868
0.204833
0.161496
0.263335
0.276099
0.422010
0.342497
0.547620
0.574225
0.874234
0.712816
1.138524
1.190678
1.819829
1.510336
2.373159
2.488810
3.812168
3.137860
4.876879
5.109281
7.847956
6.526504
