0.000018
0.000036
0.000001
0.000007
0.000036
0.000066
0.000002
0.000014
0.000072
0.000133
0.000006
0.000029
0.000121
0.000272
0.000012
0.000056
0.000248
0.000568
0.000024
0.000110
0.000542
0.001224
0.000049
0.000234
0.001058
0.002275
0.000100
0.000472
0.002121
0.004688
0.000184
0.000952
0.004306
0.009183
0.000340
0.001873
0.008652
0.018729
0.000745
0.003915
0.017502
0.037767
0.001508
0.007785
0.000020
0.000036
0.000001
0.000007
0.000033
0.000072
0.000002
0.000014
0.000070
0.000138
0.000005
0.000028
0.000165
0.000289
0.000011
0.000060
0.000348
0.000585
0.000022
0.000110
0.000731
0.001205
0.000042
0.000268
0.001132
0.002217
0.000086
0.000463
0.002615
0.004707
0.000218
0.000957
0.005718
0.010018
0.000591
0.002019
0.011205
0.019940
0.001028
0.004062
0.029082
0.039562
0.002002
0.008274
0.000078
0.000047
0.000002
0.000007
0.000159
0.000090
0.000003
0.000015
0.000344
0.000181
0.000009
0.000028
0.000547
0.000383
0.000026
0.000063
0.000622
0.000753
0.000072
0.000137
0.001216
0.001357
0.000151
0.000269
0.002371
0.002732
0.000473
0.000984
0.008632
0.005826
0.000908
0.002558
0.017938
0.017223
0.001746
0.005159
0.035243
0.040668
0.003282
0.011464
0.069996
0.088036
0.006099
0.019675
0.000630
0.000127
0.000003
0.000009
0.001109
0.000231
0.000010
0.000016
0.001911
0.000478
0.000024
0.000035
0.003872
0.001441
0.000072
0.000142
0.008198
0.006758
0.000140
0.000617
0.015336
0.013565
0.000266
0.000682
0.029017
0.027451
0.000482
0.002717
0.057692
0.057626
0.001058
0.005020
0.113447
0.114529
0.002182
0.008692
0.223489
0.224494
0.004356
0.014986
0.453762
0.459990
0.008742
0.041957
